(title "Velocity Magnitude")
(labels "Position" "Velocity Magnitude")

((xy/key/label "line-10")
-0.05	0
-0.0414954	0.573051
-0.0345055	0.979342
-0.0319325	1.11819
-0.0297752	1.21092
-0.0205826	1.58698
-0.0136544	1.80121
-0.0121551	1.84006
-0.010561	1.86068
-0.00456372	1.90523
0.00133854	1.93488
0.00418391	1.92512
0.00686585	1.89415
0.0128667	1.7991
0.0169713	1.69219
0.0227307	1.53076
0.0297277	1.23023
0.031975	1.1178
0.0335012	1.03719
0.0420456	0.545233
0.0432276	0.466565
0.0497435	0