(title "Velocity Magnitude")
(labels "Position" "Velocity Magnitude")

((xy/key/label "line-10")
-0.05	0
-0.04999	0.000396937
-0.049978	0.00126967
-0.0499636	0.00231658
-0.0499463	0.00357275
-0.0499256	0.00507971
-0.0499007	0.00688712
-0.0498708	0.00905492
-0.049835	0.0116548
-0.049792	0.0147725
-0.0497404	0.0185103
-0.0496785	0.0229911
-0.0496042	0.0283612
-0.049515	0.0347959
-0.049408	0.0425037
-0.0492796	0.0517327
-0.0491256	0.0627789
-0.0489407	0.0759925
-0.0487188	0.0917893
-0.0484526	0.111648
-0.0481331	0.13626
-0.0477497	0.16558
-0.0472897	0.200454
-0.0467376	0.241857
-0.0467376	0.241857
-0.0460752	0.290898
-0.0452802	0.34882
-0.0443262	0.416991
-0.0431815	0.496866
-0.0418078	0.59014
-0.0374996	0.854749
-0.0321951	1.14845
-0.0319228	1.16256
-0.0314122	1.18593
-0.0250498	1.45872
-0.0222978	1.55917
-0.0168219	1.72682
-0.011099	1.84489
-0.00650147	1.91257
0.000256601	1.94821
0.00285205	1.95581
0.00462768	1.94178
0.0111777	1.85693
0.018465	1.70099
0.0186365	1.69679
0.0187323	1.69388
0.0265418	1.39831
0.0287007	1.3016
0.0351028	0.9827
0.0366539	0.902339
0.0372442	0.868428
0.041355	0.618462
0.0418052	0.590829
0.0431788	0.497252
0.0443235	0.417255
0.0452774	0.348993
0.0460723	0.290998
0.0467348	0.241898
0.0472868	0.200446
0.0477468	0.165531
0.0481302	0.136178
0.0484496	0.111537
0.0487159	0.0918897
0.0489377	0.0760762
0.0489377	0.0760762
0.0491226	0.0628482
0.0492766	0.0517901
0.049405	0.0425508
0.049512	0.0348348
0.0496012	0.028393
0.0496755	0.0230168
0.0497374	0.0185311
0.049789	0.014789
0.049832	0.0116679
0.0498678	0.00906518
0.0498977	0.0068948
0.0499225	0.00508544
0.0499433	0.00357702
0.0499605	0.00231935
0.0499749	0.00127113
0.0499869	0.000397307
0.0499969	0