(title "Velocity Magnitude")
(labels "Position" "Velocity Magnitude")

((xy/key/label "line-10")
-0.05	0
-0.048	0.146443
-0.0458	0.311029
-0.04338	0.482179
-0.0384771	0.784296
-0.0330478	1.09773
-0.0319209	1.15744
-0.0302779	1.23333
-0.0250285	1.45914
-0.0222978	1.5582
-0.0168219	1.72581
-0.011099	1.84381
-0.00650147	1.91148
0.0002566	1.9471
0.00285205	1.95469
0.00462768	1.94066
0.0111777	1.85583
0.018465	1.69988
0.0186365	1.69568
0.0187323	1.69278
0.0269875	1.37855
0.0288765	1.29343
0.0331619	1.07459
0.0375853	0.839316
0.0388353	0.772557
0.043217	0.493285
0.0433774	0.48305
0.0457972	0.310966
0.0479971	0.146295
0.0499969	0