(title "Wall Shear Stress")
(labels "Position" "Wall Shear Stress")

((xy/key/label "line-10")
-0.05	0.0158907
-0.048	0
-0.0458	0
-0.04338	0
-0.0384771	0
-0.0330478	0
-0.0319209	0
-0.0302779	0
-0.0250285	0
-0.0222978	0
-0.0168219	0
-0.011099	0
-0.00650147	0
0.0002566	0
0.00285205	0
0.00462768	0
0.0111777	0
0.018465	0
0.0186365	0
0.0187323	0
0.0269875	0
0.0288765	0
0.0331619	0
0.0375853	0
0.0388353	0
0.043217	0
0.0433774	0
0.0457972	0
0.0479971	0
0.0499969	0.015901
)
