(title "Velocity Magnitude")
(labels "Position" "Velocity Magnitude")

((xy/key/label "line-10")
-0.05	0
-0.048	0.159073
-0.0458	0.337805
-0.04338	0.522666
-0.0384771	0.836778
-0.0330478	1.13373
-0.0319209	1.1901
-0.0302779	1.25268
-0.0250285	1.44025
-0.0222978	1.5148
-0.0168219	1.63674
-0.011099	1.7179
-0.00650147	1.76417
0.0002566	1.78905
0.00285205	1.79464
0.00462768	1.78556
0.0111777	1.73007
0.018465	1.62262
0.0186365	1.61973
0.0187323	1.61758
0.0269875	1.37536
0.0288765	1.30484
0.0331619	1.10333
0.0375853	0.888769
0.0388353	0.822755
0.043217	0.532533
0.0433774	0.521996
0.0457972	0.336694
0.0479971	0.158439
0.0499969	0