(title "Velocity Magnitude")
(labels "Position" "Velocity Magnitude")

((xy/key/label "line-10")
-0.05	0
-0.0499	0.00396885
-0.04978	0.0126852
-0.049636	0.0231196
-0.0494632	0.0356046
-0.0492558	0.0505344
-0.049007	0.0685901
-0.0487084	0.0918756
-0.0483501	0.119631
-0.0479201	0.152668
-0.0474041	0.191924
-0.046785	0.238472
-0.046042	0.293525
-0.0451503	0.358428
-0.0440804	0.434641
-0.0427965	0.526672
-0.0381233	0.806884
-0.0328186	1.11113
-0.0317879	1.16536
-0.030229	1.23726
-0.0250285	1.45996
-0.0222978	1.55898
-0.0168219	1.72654
-0.011099	1.84453
-0.00650147	1.91221
-0.00650147	1.91221
0.0002566	1.94779
0.00285205	1.95536
0.00462768	1.94131
0.0111777	1.85642
0.018465	1.70041
0.0186365	1.69622
0.0187323	1.69331
0.0267776	1.3879
0.0287534	1.29938
0.034027	1.03536
0.0369159	0.884104
0.0377554	0.839166
0.0425189	0.542499
0.0427939	0.525384
0.0440777	0.434403
0.0451476	0.358217
0.0460391	0.293325
0.0467821	0.238275
0.0474012	0.191724
0.0479172	0.152462
0.0483471	0.11942
0.0487054	0.091658
0.049004	0.0683894
0.0492528	0.0505456
0.0494602	0.035613
0.049633	0.0231251
0.049777	0.0126884
0.049897	0.0039699
0.0499969	0