(title "Wall Shear Stress")
(labels "Position" "Wall Shear Stress")

((xy/key/label "line-10")
-0.05	0.0159003
-0.0499	0
-0.04978	0
-0.049636	0
-0.0494632	0
-0.0492558	0
-0.049007	0
-0.0487084	0
-0.0483501	0
-0.0479201	0
-0.0474041	0
-0.046785	0
-0.046042	0
-0.0451503	0
-0.0440804	0
-0.0427965	0
-0.0381233	0
-0.0328186	0
-0.0317879	0
-0.030229	0
-0.0250285	0
-0.0222978	0
-0.0168219	0
-0.011099	0
-0.00650147	0
-0.00650147	0
0.0002566	0
0.00285205	0
0.00462768	0
0.0111777	0
0.018465	0
0.0186365	0
0.0187323	0
0.0267776	0
0.0287534	0
0.034027	0
0.0369159	0
0.0377554	0
0.0425189	0
0.0427939	0
0.0440777	0
0.0451476	0
0.0460391	0
0.0467821	0
0.0474012	0
0.0479172	0
0.0483471	0
0.0487054	0
0.049004	0
0.0492528	0
0.0494602	0
0.049633	0
0.049777	0
0.049897	0
0.0499969	0.0159047
)
