(title "Y-Coordinate vs. Velocity Magnitude")
(labels "Velocity Magnitude" "Y-Coordinate")

((xy/key/label "line-7")
0	0
0.585336	0.00080133
0.668967	0.00162942
0.708468	0.00248515
0.738235	0.00336947
0.761834	0.0042833
0.781726	0.00522766
0.799193	0.00620355
0.814996	0.00721202
0.829628	0.00825416
0.843428	0.00933111
0.85665	0.010444
0.869487	0.0115941
0.882102	0.0127825
0.894632	0.0140107
0.907197	0.0152799
0.91988	0.0165914
0.932702	0.0179467
0.945604	0.0193473
0.958445	0.0207947
0.970996	0.0222904
0.982894	0.023836
0.992954	0.0254332
0.999161	0.0270838
1.00144	0.0287895
1.00186	0.1
1.00186	0.0959934
1.00186	0.0921162
1.00187	0.0883643
1.00187	0.0847336
1.00188	0.0812202
1.00188	0.0305521
1.00188	0.0778204
1.00188	0.0745304
1.00188	0.0713467
1.00189	0.0682659
1.00189	0.0652847
1.00189	0.0623998
1.00189	0.0596081
1.00189	0.0569066
1.00189	0.0542924
1.0019	0.0517626
1.0019	0.0493146
1.0019	0.0469457
1.0019	0.0446534
1.0019	0.0424351
1.00191	0.0402885
1.00191	0.0382112
1.00191	0.034256
1.00191	0.034256
1.00191	0.0362011
1.00191	0.0323736