(title "Y-Coordinate vs. Velocity Magnitude")
(labels "Velocity Magnitude" "Y-Coordinate")

((xy/key/label "line-7")
0.524634	0.000400665
0.646574	0.00121537
0.691902	0.00205729
0.725582	0.00292731
0.751446	0.00382639
0.77279	0.00475548
0.791242	0.0057156
0.807738	0.00670778
0.822863	0.00773309
0.837016	0.00879264
0.850481	0.00988756
0.863476	0.011019
0.876175	0.0121883
0.888724	0.0133966
0.901253	0.0146453
0.913873	0.0159356
0.926644	0.0172691
0.939546	0.018647
0.952483	0.020071
0.965272	0.0215425
0.977625	0.0230632
0.989153	0.0246346
0.997985	0.0262585
1.00139	0.0279367
1.00186	0.0979967
1.00186	0.0940548
1.00187	0.0902402
1.00187	0.0865489
1.00187	0.0829769
1.00188	0.0795203
1.00188	0.0761754
1.00188	0.0729386
1.00189	0.0698063
1.00189	0.0667753
1.00189	0.0638422
1.00189	0.0610039
1.0019	0.0582573
1.0019	0.0555995
1.0019	0.0530275
1.00191	0.0505386
1.00191	0.0481302
1.00192	0.0457995
1.00192	0.0435442
1.00193	0.0413618
1.00193	0.0296708
1.00194	0.0372062
1.00194	0.0333148
1.00195	0.0392499
1.00195	0.0352285
1.00197	0.0314629