(title "Y-Coordinate vs. Wall Shear Stress")
(labels "Wall Shear Stress" "Y-Coordinate")

((xy/key/label "line-7")
0	0.00121537
0	0.00205729
0	0.00292731
0	0.00382639
0	0.00475548
0	0.0057156
0	0.00670778
0	0.00773309
0	0.00879264
0	0.00988756
0	0.011019
0	0.0121883
0	0.0133966
0	0.0146453
0	0.0159356
0	0.0172691
0	0.018647
0	0.020071
0	0.0215425
0	0.0230632
0	0.0246346
0	0.0262585
0	0.0279367
0	0.0296708
0	0.0314629
0	0.0333148
0	0.0352285
0	0.0372062
0	0.0392499
0	0.0413618
0	0.0435442
0	0.0457995
0	0.0481302
0	0.0505386
0	0.0530275
0	0.0555995
0	0.0582573
0	0.0610039
0	0.0638422
0	0.0667753
0	0.0698063
0	0.0729386
0	0.0761754
0	0.0795203
0	0.0829769
0	0.0865489
0	0.0902402
0	0.0940548
0	0.0979967
0.00124616	0.000400665