(title "Y-Coordinate vs. Wall Shear Stress")
(labels "Wall Shear Stress" "Y-Coordinate")

((xy/key/label "line-7")
0	0.00080133
0	0.00162942
0	0.00248515
0	0.00336947
0	0.0042833
0	0.00522766
0	0.00620355
0	0.00721202
0	0.00825416
0	0.00933111
0	0.010444
0	0.0115941
0	0.0127825
0	0.0140107
0	0.0152799
0	0.0165914
0	0.0179467
0	0.0193473
0	0.0207947
0	0.0222904
0	0.023836
0	0.0254332
0	0.0270838
0	0.0287895
0	0.0305521
0	0.0323736
0	0.034256
0	0.034256
0	0.0362011
0	0.0382112
0	0.0402885
0	0.0424351
0	0.0446534
0	0.0469457
0	0.0493146
0	0.0517626
0	0.0542924
0	0.0569066
0	0.0596081
0	0.0623998
0	0.0652847
0	0.0682659
0	0.0713467
0	0.0745304
0	0.0778204
0	0.0812202
0	0.0847336
0	0.0883643
0	0.0921162
0	0.0959934
0	0.1
0.00124515	0