(title "Velocity Magnitude")
(labels "Position" "Velocity Magnitude")

((xy/key/label "line-10")
-0.05	0
-0.04999	0.161118
-0.049978	0.515661
-0.0499636	0.941391
-0.0499463	1.45262
-0.0499256	2.06562
-0.0499007	2.7956
-0.0498708	3.64506
-0.049835	4.5833
-0.049792	5.54301
-0.0497404	6.46005
-0.0496785	7.3069
-0.0496042	8.07954
-0.049515	8.77955
-0.049408	9.41436
-0.0492796	9.99626
-0.0491256	10.5384
-0.0489407	11.0499
-0.0487188	11.5369
-0.0484526	12.024
-0.0484526	12.024
-0.0481331	12.506
-0.0477497	12.9688
-0.0472897	13.4165
-0.0467376	13.8521
-0.0460752	14.2783
-0.0452802	14.6969
-0.0443262	15.1095
-0.0431815	15.5174
-0.0418078	15.9214
-0.0374996	16.8131
-0.0321951	17.5565
-0.0319228	17.5923
-0.0314122	17.6391
-0.0250498	18.1905
-0.0222978	18.369
-0.0168219	18.6526
-0.011099	18.8347
-0.00650147	18.9361
0.0002566	18.9835
0.00285205	18.9929
0.00462768	18.9704
0.0111777	18.8373
0.018465	18.5835
0.0186365	18.5767
0.0187323	18.5716
0.0265418	18.0337
0.0287007	17.8393
0.0351028	17.0766
0.0366539	16.8875
0.0372442	16.7777
0.041355	15.9678
0.0418052	15.8784
0.0431788	15.4762
0.0443235	15.0696
0.0452774	14.6583
0.0460723	14.2409
0.0467348	13.8158
0.0472868	13.381
0.0477468	12.9339
0.0481302	12.4715
0.0481302	12.4715
0.0484496	11.9897
0.0487159	11.5082
0.0489377	11.022
0.0491226	10.5112
0.0492766	9.96985
0.049405	9.38838
0.049512	8.75365
0.0496012	8.05363
0.0496755	7.28115
0.0497374	6.43524
0.049789	5.51962
0.049832	4.56196
0.0498678	3.62711
0.0498977	2.78146
0.0499225	2.05512
0.0499433	1.44524
0.0499605	0.936606
0.0499749	0.513035
0.0499869	0.160307
0.0499969	0