(title "Velocity Magnitude")
(labels "Position" "Velocity Magnitude")

((xy/key/label "line-10")
-0.05	0
-0.048	0.72135
-0.0458	0.861952
-0.04338	0.929249
-0.0384771	1.00099
-0.0330478	1.05287
-0.0319209	1.06268
-0.0302779	1.07218
-0.0250285	1.10077
-0.0222978	1.11174
-0.0168219	1.12958
-0.011099	1.14125
-0.00650147	1.14786
0.0002566	1.15131
0.00285205	1.15207
0.00462768	1.15078
0.0111777	1.14289
0.018465	1.12754
0.0186365	1.12712
0.0187323	1.12681
0.0269875	1.09146
0.0288765	1.08086
0.0331619	1.04591
0.0375853	1.00902
0.0388353	0.995705
0.043217	0.92762
0.0433774	0.925224
0.0457972	0.858064
0.0479971	0.718053
0.0499969	0