(title "Velocity Magnitude")
(labels "Position" "Velocity Magnitude")

((xy/key/label "line-10")
-0.05	0
-0.0414954	0.926257
-0.0345055	1.01506
-0.0319325	1.04504
-0.0297752	1.05766
-0.0205826	1.10767
-0.0136544	1.13089
-0.0121551	1.1351
-0.010561	1.13716
-0.00456372	1.14162
0.00133854	1.14461
0.00418391	1.14367
0.00686585	1.14054
0.0128667	1.13109
0.0169713	1.11946
0.0227307	1.10168
0.0297277	1.061
0.031975	1.04555
0.0335012	1.02834
0.0420456	0.918206
0.0432276	0.796051
0.0497435	0