(title "Velocity Magnitude")
(labels "Position" "Velocity Magnitude")

((xy/key/label "line-10")
-0.05	0
-0.0499	0.113158
-0.04978	0.313648
-0.049636	0.454211
-0.0494632	0.542285
-0.0492558	0.604855
-0.049007	0.654769
-0.0487084	0.699299
-0.0483501	0.737983
-0.0479201	0.772792
-0.0474041	0.804913
-0.046785	0.835115
-0.046042	0.863922
-0.0451503	0.891717
-0.0440804	0.918803
-0.0427965	0.946181
-0.0381233	1.00815
-0.0328186	1.05705
-0.0317879	1.06571
-0.030229	1.07467
-0.0250285	1.10264
-0.0222978	1.11361
-0.0168219	1.13148
-0.011099	1.14319
-0.00650147	1.14985
-0.00650147	1.14985
0.0002566	1.1533
0.00285205	1.15406
0.00462768	1.15275
0.0111777	1.14481
0.018465	1.12933
0.0186365	1.12891
0.0187323	1.1286
0.0267776	1.09425
0.0287534	1.08329
0.034027	1.04341
0.0369159	1.02074
0.0377554	1.01241
0.0425189	0.947415
0.0427939	0.943757
0.0440777	0.916959
0.0451476	0.890007
0.0460391	0.862315
0.0467821	0.833586
0.0474012	0.803436
0.0479172	0.771346
0.0483471	0.73654
0.0487054	0.697825
0.049004	0.653252
0.0492528	0.603809
0.0494602	0.541309
0.049633	0.453163
0.049777	0.312971
0.049897	0.11285
0.0499969	0