(title "Velocity Magnitude")
(labels "Position" "Velocity Magnitude")

((xy/key/label "line-10")
-0.05	0
-0.0414954	0.617844
-0.0345055	1.01138
-0.0319325	1.14624
-0.0297752	1.22265
-0.0205826	1.52861
-0.0136544	1.67843
-0.0121551	1.70555
-0.010561	1.71918
-0.00456372	1.74862
0.00133854	1.76807
0.00418391	1.76174
0.00686585	1.74112
0.0128667	1.67847
0.0169713	1.60335
0.0227307	1.48833
0.0297277	1.24083
0.031975	1.1472
0.0335012	1.06921
0.0420456	0.589552
0.0432276	0.504984
0.0497435	0