(title "Velocity Magnitude")
(labels "Position" "Velocity Magnitude")

((xy/key/label "line-10")
-0.05	0
-0.04999	0.000434015
-0.049978	0.00138828
-0.0499636	0.00253299
-0.0499463	0.00390651
-0.0499256	0.00555425
-0.0499007	0.00753053
-0.0498708	0.00990086
-0.049835	0.0127436
-0.049792	0.0161527
-0.0497404	0.0202398
-0.0496785	0.0251393
-0.0496042	0.0310113
-0.049515	0.0380475
-0.049408	0.0464759
-0.0492796	0.0565679
-0.0491256	0.0686472
-0.0489407	0.083097
-0.0487188	0.100372
-0.0484526	0.12209
-0.0481331	0.149007
-0.0477497	0.181075
-0.0472897	0.219219
-0.0467376	0.264503
-0.0467376	0.264503
-0.0460752	0.31813
-0.0452802	0.381428
-0.0443262	0.455785
-0.0431815	0.542502
-0.0418078	0.642522
-0.0374996	0.91256
-0.0321951	1.18378
-0.0319228	1.19681
-0.0314122	1.21572
-0.0250498	1.43793
-0.0222978	1.51238
-0.0168219	1.63189
-0.011099	1.71151
-0.00650147	1.75685
0.000256601	1.78156
0.00285205	1.78714
0.00462768	1.77837
0.0111777	1.72434
0.018465	1.61927
0.0186365	1.61644
0.0187323	1.61432
0.0265418	1.39164
0.0287007	1.31249
0.0351028	1.02568
0.0366539	0.954073
0.0372442	0.919988
0.041355	0.668462
0.0418052	0.640658
0.0431788	0.540677
0.0443235	0.454172
0.0452774	0.380036
0.0460723	0.316937
0.0467348	0.263477
0.0472868	0.218333
0.0477468	0.180304
0.0481302	0.148331
0.0484496	0.121491
0.0487159	0.100091
0.0489377	0.082866
0.0489377	0.082866
0.0491226	0.0684574
0.0492766	0.0564124
0.049405	0.0463486
0.049512	0.0379438
0.0496012	0.0309271
0.0496755	0.0250711
0.0497374	0.020185
0.049789	0.016109
0.049832	0.0127094
0.0498678	0.00987428
0.0498977	0.00751019
0.0499225	0.00553934
0.0499433	0.00389629
0.0499605	0.00252636
0.0499749	0.00138459
0.0499869	0.000432768
0.0499969	0