(title "Velocity Magnitude")
(labels "Position" "Velocity Magnitude")

((xy/key/label "line-10")
-0.05	0
-0.0499	0.00432995
-0.04978	0.0138394
-0.049636	0.0252235
-0.0494632	0.0388452
-0.0492558	0.0551345
-0.049007	0.074835
-0.0487084	0.100243
-0.0483501	0.130529
-0.0479201	0.16658
-0.0474041	0.20942
-0.046785	0.260218
-0.046042	0.320285
-0.0451503	0.39105
-0.0440804	0.473971
-0.0427965	0.573384
-0.0381233	0.862621
-0.0328186	1.14777
-0.0317879	1.19844
-0.030229	1.25706
-0.0250285	1.43971
-0.0222978	1.51317
-0.0168219	1.63341
-0.011099	1.71317
-0.00650147	1.75875
-0.00650147	1.75875
0.0002566	1.78311
0.00285205	1.78853
0.00462768	1.77956
0.0111777	1.72486
0.018465	1.61921
0.0186365	1.61636
0.0187323	1.61425
0.0267776	1.38288
0.0287534	1.31067
0.034027	1.07169
0.0369159	0.935675
0.0377554	0.891706
0.0425189	0.587531
0.0427939	0.5701
0.0440777	0.472215
0.0451476	0.38961
0.0460391	0.319092
0.0467821	0.259221
0.0474012	0.20858
0.0479172	0.165867
0.0483471	0.129918
0.0487054	0.0997157
0.049004	0.0744012
0.0492528	0.0549887
0.0494602	0.0387433
0.049633	0.0251577
0.049777	0.0138036
0.049897	0.00431883
0.0499969	0