(title "Y-Coordinate vs. Velocity Magnitude")
(labels "Velocity Magnitude" "Y-Coordinate")

((xy/key/label "line-7")
0.00628164	1.00233e-06
0.018939	3.02192e-06
0.0318786	5.08654e-06
0.0452925	7.22697e-06
0.059378	9.47509e-06
0.0743373	1.18644e-05
0.0903724	1.44305e-05
0.107672	1.72117e-05
0.126385	2.02494e-05
0.146569	2.35888e-05
0.168134	2.72798e-05
0.190795	3.13773e-05
0.214087	3.59424e-05
0.237463	4.10431e-05
0.260423	4.67554e-05
0.28261	5.31645e-05
0.303824	6.03659e-05
0.324002	6.84669e-05
0.343163	7.75882e-05
0.361373	8.78657e-05
0.378718	9.94526e-05
0.39529	0.000112522
0.411178	0.000127267
0.426461	0.00014391
0.441213	0.000162697
0.455497	0.000183908
0.469371	0.000207861
0.482884	0.00023491
0.496078	0.000265461
0.508992	0.000299967
0.52166	0.000338944
0.53411	0.000382972
0.546368	0.000432706
0.558458	0.00048889
0.5704	0.000552358
0.582212	0.000624058
0.593912	0.000705059
0.605514	0.000796565
0.617034	0.000899943
0.628484	0.00101673
0.639877	0.00114867
0.651227	0.00129773
0.662544	0.00146613
0.673841	0.00165637
0.685132	0.0018713
0.69643	0.00211412
0.70775	0.00238844
0.719107	0.00269836
0.730521	0.00304848
0.742012	0.00344404
0.753604	0.00389092
0.765327	0.00439578
0.777215	0.00496615
0.789309	0.00561053
0.801661	0.00633852
0.814332	0.00716097
0.8274	0.00809013
0.840963	0.00913985
0.855147	0.0103258
0.870113	0.0116656
0.886078	0.0131792
0.903331	0.0148893
0.922198	0.0168212
0.942835	0.0190038
0.964962	0.0214696
0.989403	0.0242554
1.00068	0.0274026
1.00187	0.0309582
1.0019	0.0349751
1.0019	0.10486
1.00191	0.0395132
1.00192	0.092817
1.00192	0.0446402
1.00192	0.0821569
1.00193	0.0504324
1.00193	0.0727211
1.00193	0.0569762
1.00193	0.064369