(title "Y-Coordinate vs. Velocity Magnitude")
(labels "Velocity Magnitude" "Y-Coordinate")

((xy/key/label "line-7")
0	0
0.0126065	2.00465e-06
0.025401	4.03918e-06
0.0385735	6.1339e-06
0.0523188	8.32003e-06
0.0668365	1.06302e-05
0.0823286	1.30987e-05
0.0989905	1.57624e-05
0.116991	1.8661e-05
0.136433	2.18378e-05
0.157301	2.53399e-05
0.179408	2.92197e-05
0.202378	3.35349e-05
0.225708	3.83499e-05
0.248872	4.37363e-05
0.271443	4.97746e-05
0.293141	5.65545e-05
0.313836	6.41773e-05
0.333504	7.27565e-05
0.352187	8.24199e-05
0.369964	9.33115e-05
0.386922	0.000105594
0.40315	0.00011945
0.418734	0.000135085
0.433751	0.000152734
0.448267	0.000172659
0.462345	0.000195157
0.476036	0.000220564
0.489388	0.000249257
0.502441	0.000281665
0.515229	0.00031827
0.527786	0.000359618
0.540138	0.000406325
0.552309	0.000459088
0.564322	0.000518692
0.576196	0.000586025
0.587948	0.000662092
0.599595	0.000748025
0.611152	0.000845106
0.622633	0.00095478
0.63405	0.00107868
0.645416	0.00121866
0.656744	0.0013768
0.668045	0.00155546
0.679333	0.00175729
0.690621	0.00198532
0.701923	0.00224293
0.713254	0.00253396
0.724631	0.00286276
0.736075	0.00323421
0.747607	0.00365387
0.759254	0.00412797
0.771048	0.00466359
0.783026	0.00526871
0.795234	0.00595235
0.807729	0.00672469
0.820579	0.00759724
0.833871	0.00858301
0.833871	0.00858301
0.847718	0.00969669
0.86226	0.0109549
0.877685	0.0123763
0.894243	0.0139822
0.91224	0.0157964
0.931917	0.017846
0.953225	0.0201616
0.976469	0.0227776
0.994612	0.0257331
1.00123	0.0290721
1.00191	0.1
1.00191	0.0984718
1.00192	0.0871622
1.00193	0.0771516
1.00193	0.0328443
1.00194	0.0682906
1.00194	0.0604474
1.00195	0.0535049
1.00195	0.0419205
1.00195	0.0473599
1.00195	0.0371059