(title "Y-Coordinate vs. Wall Shear Stress")
(labels "Wall Shear Stress" "Y-Coordinate")

((xy/key/label "line-7")
0	3.02192e-06
0	5.08654e-06
0	7.22697e-06
0	9.47509e-06
0	1.18644e-05
0	1.44305e-05
0	1.72117e-05
0	2.02494e-05
0	2.35888e-05
0	2.72798e-05
0	3.13773e-05
0	3.59424e-05
0	4.10431e-05
0	4.67554e-05
0	5.31645e-05
0	6.03659e-05
0	6.84669e-05
0	7.75882e-05
0	8.78657e-05
0	9.94526e-05
0	0.000112522
0	0.000127267
0	0.00014391
0	0.000162697
0	0.000183908
0	0.000207861
0	0.00023491
0	0.000265461
0	0.000299967
0	0.000338944
0	0.000382972
0	0.000432706
0	0.00048889
0	0.000552358
0	0.000624058
0	0.000705059
0	0.000796565
0	0.000899943
0	0.00101673
0	0.00114867
0	0.00129773
0	0.00146613
0	0.00165637
0	0.0018713
0	0.00211412
0	0.00238844
0	0.00269836
0	0.00304848
0	0.00344404
0	0.00389092
0	0.00439578
0	0.00496615
0	0.00561053
0	0.00633852
0	0.00716097
0	0.00809013
0	0.00913985
0	0.0103258
0	0.0116656
0	0.0131792
0	0.0148893
0	0.0168212
0	0.0190038
0	0.0214696
0	0.0242554
0	0.0274026
0	0.0309582
0	0.0349751
0	0.0395132
0	0.0446402
0	0.0504324
0	0.0569762
0	0.064369
0	0.0727211
0	0.0821569
0	0.092817
0	0.10486
0.00125346	1.00233e-06