(title "Y-Coordinate vs. Wall Shear Stress")
(labels "Wall Shear Stress" "Y-Coordinate")

((xy/key/label "line-7")
0	2.00465e-06
0	4.03918e-06
0	6.1339e-06
0	8.32003e-06
0	1.06302e-05
0	1.30987e-05
0	1.57624e-05
0	1.8661e-05
0	2.18378e-05
0	2.53399e-05
0	2.92197e-05
0	3.35349e-05
0	3.83499e-05
0	4.37363e-05
0	4.97746e-05
0	5.65545e-05
0	6.41773e-05
0	7.27565e-05
0	8.24199e-05
0	9.33115e-05
0	0.000105594
0	0.00011945
0	0.000135085
0	0.000152734
0	0.000172659
0	0.000195157
0	0.000220564
0	0.000249257
0	0.000281665
0	0.00031827
0	0.000359618
0	0.000406325
0	0.000459088
0	0.000518692
0	0.000586025
0	0.000662092
0	0.000748025
0	0.000845106
0	0.00095478
0	0.00107868
0	0.00121866
0	0.0013768
0	0.00155546
0	0.00175729
0	0.00198532
0	0.00224293
0	0.00253396
0	0.00286276
0	0.00323421
0	0.00365387
0	0.00412797
0	0.00466359
0	0.00526871
0	0.00595235
0	0.00672469
0	0.00759724
0	0.00858301
0	0.00858301
0	0.00969669
0	0.0109549
0	0.0123763
0	0.0139822
0	0.0157964
0	0.017846
0	0.0201616
0	0.0227776
0	0.0257331
0	0.0290721
0	0.0328443
0	0.0371059
0	0.0419205
0	0.0473599
0	0.0535049
0	0.0604474
0	0.0682906
0	0.0771516
0	0.0871622
0	0.0984718
0	0.1
0.00125308	0