(title "Velocity Magnitude")
(labels "Position" "Velocity Magnitude")

((xy/key/label "line-10")
-0.049995	0.0113005
-0.049984	0.0361588
-0.0499708	0.0659795
-0.049955	0.101726
-0.049936	0.144394
-0.0499131	0.194493
-0.0498858	0.250764
-0.0498529	0.309371
-0.0498135	0.365777
-0.0497662	0.417672
-0.0497095	0.464791
-0.0496413	0.50733
-0.0495596	0.545783
-0.0494615	0.580964
-0.0493438	0.613696
-0.0492026	0.644511
-0.0490331	0.673796
-0.0488298	0.701862
-0.0485857	0.728955
-0.0482929	0.755274
-0.0479414	0.780986
-0.0475197	0.806218
-0.0470137	0.831085
-0.0464064	0.85568
-0.0456777	0.880079
-0.0448032	0.904347
-0.0437538	0.928532
-0.0424946	0.952663
-0.0391487	1.01007
-0.0356854	1.04105
-0.0336737	1.0542
-0.0310468	1.07357
-0.0289115	1.08404
-0.0272253	1.10261
-0.0244727	1.10843
-0.0216547	1.12197
-0.0192025	1.13048
-0.0163678	1.13826
-0.0143604	1.14403
-0.0126917	1.1477
-0.010146	1.15199
-0.00795984	1.15443
-0.00625734	1.15787
-0.00387833	1.1584
-0.00146457	1.15963
0.0013757	1.15986
0.00483173	1.15826
0.00777328	1.15513
0.0112435	1.15045
0.0142292	1.14362
0.0170724	1.13694
0.0199153	1.12757
0.0220726	1.12004
0.024882	1.10922
0.0270057	1.10019
0.0298913	1.08484
0.0322891	1.07678
0.0325116	1.05361
0.0348891	1.03945
0.0381508	1.00761
0.0404269	0.986966
0.0424422	0.952713
0.0436999	0.928598
0.044748	0.904434
0.0456214	0.880183
0.0463492	0.855794
0.0469557	0.831205
0.0474611	0.806338
0.0478823	0.781104
0.0482333	0.75539
0.0485258	0.729066
0.0487696	0.701966
0.0489727	0.673896
0.049142	0.644606
0.049283	0.613787
0.0494006	0.581051
0.0494985	0.545864
0.0495801	0.507405
0.0496482	0.46486
0.0497049	0.417734
0.0497521	0.365834
0.0497915	0.309421
0.0498243	0.250808
0.0498516	0.194529
0.0498744	0.144421
0.0498934	0.101745
0.0499092	0.0659922
0.0499224	0.0361657
0.0499334	0.0113027