(title "Velocity Magnitude")
(labels "Position" "Velocity Magnitude")

((xy/key/label "line-10")
-0.0498548	0
-0.049823	0.0500328
-0.0497545	0.156961
-0.0497163	0.200707
-0.0496341	0.294476
-0.0495884	0.326626
-0.0494896	0.395857
-0.0494348	0.418855
-0.0493162	0.468729
-0.0492505	0.486991
-0.0491082	0.526791
-0.0490295	0.54251
-0.0488585	0.576884
-0.0487642	0.591112
-0.048559	0.622324
-0.048446	0.635607
-0.0481995	0.664853
-0.0480642	0.677418
-0.0477681	0.705193
-0.0476062	0.717065
-0.0472504	0.743416
-0.0470569	0.754548
-0.0466293	0.779355
-0.0463979	0.789767
-0.0458838	0.813041
-0.0456076	0.822885
-0.0449893	0.844969
-0.04466	0.854498
-0.0439159	0.876008
-0.0435237	0.885539
-0.0426279	0.907171
-0.0421618	0.917041
-0.0410823	0.939754
-0.04053	0.949977
-0.0392276	0.974012
-0.0385755	0.987405
-0.0370019	1.02029
-0.0362761	1.02741
-0.031051	1.07196
-0.0263287	1.10898
-0.0240781	1.12662
-0.0222492	1.13389
-0.017787	1.15038
-0.0136993	1.16549
-0.010528	1.17292
-0.00663851	1.17404
-0.00324934	1.17501
0.00192557	1.17494
0.00682495	1.17377
0.00829194	1.17341
0.0115886	1.16406
0.0130703	1.15985
0.0136402	1.15742
0.0232854	1.11953
0.0261508	1.10583
0.0289231	1.07747
0.0329791	1.0318
0.0355139	0.999644
0.0368601	0.982565
0.037651	0.963893
0.0390841	0.930868
0.0397452	0.91698
0.0409375	0.891662
0.0414897	0.879191
0.0424821	0.856721
0.042943	0.844849
0.0437692	0.82376
0.0441538	0.812069
0.0448418	0.791376
0.0451626	0.779712
0.0457357	0.759109
0.0460032	0.747302
0.0464806	0.726482
0.0467037	0.714428
0.0471013	0.693161
0.0472874	0.680779
0.0476186	0.658901
0.0477737	0.646046
0.0480497	0.623266
0.048179	0.609654
0.048409	0.585462
0.0485167	0.570651
0.0487083	0.544261
0.0487981	0.527506
0.0489578	0.497373
0.0490327	0.477493
0.0491657	0.441709
0.0492281	0.416465
0.0493389	0.371208
0.0493909	0.336216
0.0494833	0.273638
0.0495266	0.226952
0.0496036	0.143649
0.0496397	0.0916313
0.0497039	0