(title "Wall Shear Stress")
(labels "Position" "Wall Shear Stress")

((xy/key/label "line-10")
-0.049995	0.002263
-0.049984	0
-0.0499708	0
-0.049955	0
-0.049936	0
-0.0499131	0
-0.0498858	0
-0.0498529	0
-0.0498135	0
-0.0497662	0
-0.0497095	0
-0.0496413	0
-0.0495596	0
-0.0494615	0
-0.0493438	0
-0.0492026	0
-0.0490331	0
-0.0488298	0
-0.0485857	0
-0.0482929	0
-0.0479414	0
-0.0475197	0
-0.0470137	0
-0.0464064	0
-0.0456777	0
-0.0448032	0
-0.0437538	0
-0.0424946	0
-0.0391487	0
-0.0356854	0
-0.0336737	0
-0.0310468	0
-0.0289115	0
-0.0272253	0
-0.0244727	0
-0.0216547	0
-0.0192025	0
-0.0163678	0
-0.0143604	0
-0.0126917	0
-0.010146	0
-0.00795984	0
-0.00625734	0
-0.00387833	0
-0.00146457	0
0.0013757	0
0.00483173	0
0.00777328	0
0.0112435	0
0.0142292	0
0.0170724	0
0.0199153	0
0.0220726	0
0.024882	0
0.0270057	0
0.0298913	0
0.0322891	0
0.0325116	0
0.0348891	0
0.0381508	0
0.0404269	0
0.0424422	0
0.0436999	0
0.044748	0
0.0456214	0
0.0463492	0
0.0469557	0
0.0474611	0
0.0478823	0
0.0482333	0
0.0485258	0
0.0487696	0
0.0489727	0
0.049142	0
0.049283	0
0.0494006	0
0.0494985	0
0.0495801	0
0.0496482	0
0.0497049	0
0.0497521	0
0.0497915	0
0.0498243	0
0.0498516	0
0.0498744	0
0.0498934	0
0.0499092	0
0.0499224	0
0.0499334	0.00226346