(title "Wall Shear Stress")
(labels "Position" "Wall Shear Stress")

((xy/key/label "line-10")
-0.0498548	0.00177064
-0.049823	0.0012093
-0.0497545	0
-0.0497163	0
-0.0496341	0
-0.0495884	0
-0.0494896	0
-0.0494348	0
-0.0493162	0
-0.0492505	0
-0.0491082	0
-0.0490295	0
-0.0488585	0
-0.0487642	0
-0.048559	0
-0.048446	0
-0.0481995	0
-0.0480642	0
-0.0477681	0
-0.0476062	0
-0.0472504	0
-0.0470569	0
-0.0466293	0
-0.0463979	0
-0.0458838	0
-0.0456076	0
-0.0449893	0
-0.04466	0
-0.0439159	0
-0.0435237	0
-0.0426279	0
-0.0421618	0
-0.0410823	0
-0.04053	0
-0.0392276	0
-0.0385755	0
-0.0370019	0
-0.0362761	0
-0.031051	0
-0.0263287	0
-0.0240781	0
-0.0222492	0
-0.017787	0
-0.0136993	0
-0.010528	0
-0.00663851	0
-0.00324934	0
0.00192557	0
0.00682495	0
0.00829194	0
0.0115886	0
0.0130703	0
0.0136402	0
0.0232854	0
0.0261508	0
0.0289231	0
0.0329791	0
0.0355139	0
0.0368601	0
0.037651	0
0.0390841	0
0.0397452	0
0.0409375	0
0.0414897	0
0.0424821	0
0.042943	0
0.0437692	0
0.0441538	0
0.0448418	0
0.0451626	0
0.0457357	0
0.0460032	0
0.0464806	0
0.0467037	0
0.0471013	0
0.0472874	0
0.0476186	0
0.0477737	0
0.0480497	0
0.048179	0
0.048409	0
0.0485167	0
0.0487083	0
0.0487981	0
0.0489578	0
0.0490327	0
0.0491657	0
0.0492281	0
0.0493389	0
0.0493909	0
0.0494833	0
0.0495266	0
0.0496036	0
0.0496397	0.000599453
0.0497039	0.00166164
)
